# for hus9h
# block counters per chapter

# chap blkcount
     1     7
     2   730
     3   406
     4   439
     5   313
     6   344
     7   385
     8   148
     9   286
    10   227
    11   238
    12   193
    13    94
    14    96
    15   103
    16   202
    17   168
    18   155
    19   108
    20   166
    21   139
    22   144
    23   142
    24   154
    25   104
    26   234
    27   135
    28   140
    29   121
    30    98
    31    60
    32    41
    33   149
    34    86
    35    92
    36    90
    37   187
    38   101
    39   139
    40   133
    41    90
    42   111
    43   114
    44    65
    45    58
    46    65
    47    60
    48    67
    49    42
    50    50
    51    63
    52    56
    53    68
    54    57
    55    81
    56    95
    57    65
    58    59
    59    48
    60    40
    61    25
    62    23
    63    22
    64    35
    65    34
    66    24
    67    38
    68    57
    69    55
    70    47
    71    29
    72    30
    73    28
    74    63
    75    40
    76    33
    77    50
    78    41
    79    47
    80    42
    81    29
    82    19
    83    37
    84    25
    85    24
    86    17
    87    20
    88    26
    89    31
    90    20
    91    15
    92    21
    93    11
    94     8
    95     8
    96    19
    97     5
    98    12
    99     8
   100    11
   101    11
   102     8
   103     3
   104     9
   105     5
   106     4
   107     7
   108     3
   109     6
   110     3
   111     5
   112     4
   113     5
   114     6
