# for hus0h
# block counters per chapter
# this file is input to the configuration

# chap blkcount
    1    6
    2  614
    3  367
    4  387
    5  268
    6  314
    7  325
    8  134
    9  251
   10  176
   11  203
   12  168
   13   87
   14   83
   15  103
   16  192
   17  157
   18  153
   19  110
   20  157
   21  136
   22  130
   23  133
   24  131
   25  101
   26  234
   27  124
   28  122
   29  104
   30   89
   31   56
   32   36
   33  131
   34   75
   35   84
   36   89
   37  187
   38  101
   39  119
   40  124
   41   78
   42   94
   43  106
   44   67
   45   48
   46   50
   47   53
   48   56
   49   38
   50   52
   51   63
   52   54
   53   66
   54   58
   55   81
   56   96
   57   60
   58   55
   59   42
   60   34
   61   23
   62   20
   63   20
   64   33
   65   29
   66   21
   67   35
   68   54
   69   56
   70   46
   71   29
   72   30
   73   27
   74   62
   75   40
   76   33
   77   50
   78   40
   79   47
   80   42
   81   29
   82   19
   83   37
   84   25
   85   24
   86   17
   87   20
   88   26
   89   31
   90   20
   91   15
   92   21
   93   11
   94    8
   95    8
   96   19
   97    5
   98   11
   99    8
  100   11
  101   11
  102    8
  103    3
  104    9
  105    5
  106    4
  107    7
  108    3
  109    6
  110    4
  111    5
  112    4
  113    5
  114    6
